0.000000000000000000e+00 3.077967372963498871e+00 1.237422780000038136e+00
6.346651825433925753e-02 3.684970205155454259e+00 1.191353495885600244e+00
1.269330365086785151e-01 4.281308624679031283e+00 1.169263637357658592e+00
1.903995547630177865e-01 3.896785525628582381e+00 1.315205065364002168e+00
2.538660730173570301e-01 2.990386917034846714e+00 1.290476614668042643e+00
3.173325912716962738e-01 3.651089758990246903e+00 1.250400031165429304e+00
3.807991095260355729e-01 3.468779962860330635e+00 1.372156016995664363e+00
4.442656277803748166e-01 2.937909434526687846e+00 1.451026352647740270e+00
5.077321460347140603e-01 4.373853477396200340e+00 1.392132097356585163e+00
5.711986642890533039e-01 3.827040327274432219e+00 1.384207713811208329e+00
6.346651825433925476e-01 3.749847392275342806e+00 1.567571323470224431e+00
6.981317007977317912e-01 3.575620835069981851e+00 1.474933949311965753e+00
7.615982190520711459e-01 3.636457953685292566e+00 1.585380712848578622e+00
8.250647373064103896e-01 3.494685702612748468e+00 1.560348688295249531e+00
8.885312555607496332e-01 3.433574357315303693e+00 1.648260715168203827e+00
9.519977738150888769e-01 2.967379504242683375e+00 1.669931591420668937e+00
1.015464292069428121e+00 3.069519943084239699e+00 1.718196907194715850e+00
1.078930810323767364e+00 4.255444325505917114e+00 1.729994012312619400e+00
1.142397328578106608e+00 3.611350637906316052e+00 1.739590213087700565e+00
1.205863846832445851e+00 3.087790453013411707e+00 1.859922250291335732e+00
1.269330365086785095e+00 3.990809967378686096e+00 1.968531942342291341e+00
1.332796883341124339e+00 3.179360345552413758e+00 1.889615356410742297e+00
1.396263401595463582e+00 4.171770502365772515e+00 2.012979929028509307e+00
1.459729919849802826e+00 3.553608633224042190e+00 2.127748845290129864e+00
1.523196438104142292e+00 3.947478844886309179e+00 2.146332855399171180e+00
1.586662956358481535e+00 3.636915587259486049e+00 2.153650893732357741e+00
1.650129474612820779e+00 3.931345043984010523e+00 2.179268547039340032e+00
1.713595992867160023e+00 3.663598320137748221e+00 2.214427113594987784e+00
1.777062511121499266e+00 3.883422108696615638e+00 2.282927301751116023e+00
1.840529029375838510e+00 4.854207738534883632e+00 2.370321356509457189e+00
1.903995547630177754e+00 4.279293056055338162e+00 2.345905006763392642e+00
1.967462065884516997e+00 4.562656348093476311e+00 2.519317108772744618e+00
2.030928584138856241e+00 4.028417630961667939e+00 2.438996771292729182e+00
2.094395102393195707e+00 3.809461910158076670e+00 2.561759500944210455e+00
2.157861620647534728e+00 3.215682905445586215e+00 2.509079206786128058e+00
2.221328138901874194e+00 3.881964197073148437e+00 2.700282886844532548e+00
2.284794657156213216e+00 4.232435461806228538e+00 2.727192598102692322e+00
2.348261175410552681e+00 5.664812471105323155e+00 2.865452374318302020e+00
2.411727693664891703e+00 4.619667405743335564e+00 2.810751100232602440e+00
2.475194211919231169e+00 4.148630073394184770e+00 2.867981366114366715e+00
2.538660730173570190e+00 3.862029555811337556e+00 2.944585115867395686e+00
2.602127248427909656e+00 4.574284921223751965e+00 3.163013204101039921e+00
2.665593766682248678e+00 4.338563896045315005e+00 3.149714895167575968e+00
2.729060284936588143e+00 5.097956193158680094e+00 3.121476425695463242e+00
2.792526803190927165e+00 4.501295212394802014e+00 3.140227614810675139e+00
2.855993321445266631e+00 4.969896761165590426e+00 3.302534066818874070e+00
2.919459839699605652e+00 4.429656951378468932e+00 3.486624677199715805e+00
2.982926357953945118e+00 4.311387989353469230e+00 3.568689914476543379e+00
3.046392876208284584e+00 4.562218357527371815e+00 3.603276892293326039e+00
3.109859394462623605e+00 4.297643662664019537e+00 3.788224042694543492e+00
3.173325912716963071e+00 4.552351558885281868e+00 3.920050478247279369e+00
3.236792430971302093e+00 4.804986051676929826e+00 3.957954428202365538e+00
3.300258949225641558e+00 4.532692698521681329e+00 4.087356494346836122e+00
3.363725467479980580e+00 4.946566901701337393e+00 3.913841703384766557e+00
3.427191985734320046e+00 4.737549964022623072e+00 3.991532564646872228e+00
3.490658503988659067e+00 4.451876920545899452e+00 4.350790241049989682e+00
3.554125022242998533e+00 6.232216380517259680e+00 4.402607127049702029e+00
3.617591540497337554e+00 4.813636535025130669e+00 4.674660170755727151e+00
3.681058058751677020e+00 4.491193681284378236e+00 4.493948246145608394e+00
3.744524577006016042e+00 5.597432381418427028e+00 4.508785493718632686e+00
3.807991095260355507e+00 5.738669020891160599e+00 4.548233408554352764e+00
3.871457613514694529e+00 4.673254781213321607e+00 4.832841791906552054e+00
3.934924131769033995e+00 4.737178059649817641e+00 5.039793132194097858e+00
3.998390650023373016e+00 4.406532912127593349e+00 5.002539371602916951e+00
4.061857168277712482e+00 5.280842239791801340e+00 5.476577418122189123e+00
4.125323686532051504e+00 4.763821679212705718e+00 5.647369414172691116e+00
4.188790204786391413e+00 4.911544902604103591e+00 5.551153102148907337e+00
4.252256723040730435e+00 4.015482258226013457e+00 5.405780773893013702e+00
4.315723241295069457e+00 5.160994370548229071e+00 5.704913586338358655e+00
4.379189759549408478e+00 5.049185995179587216e+00 6.175817865172302135e+00
4.442656277803748388e+00 5.299482394140674124e+00 6.333187298444239666e+00
4.506122796058087410e+00 5.112703995897268427e+00 5.903443979563334665e+00
4.569589314312426431e+00 5.143339136796298838e+00 6.263841486254232649e+00
4.633055832566765453e+00 6.130973494095329102e+00 6.713806614911674409e+00
4.696522350821105363e+00 4.675050692000785268e+00 6.687174749806175988e+00
4.759988869075444384e+00 5.249076758089407768e+00 6.462374559085833248e+00
4.823455387329783406e+00 5.684294140358826297e+00 7.133868264827431638e+00
4.886921905584122428e+00 5.464432178420473463e+00 6.844091997572729014e+00
4.950388423838462337e+00 4.945533548476725549e+00 7.226656429660302194e+00
5.013854942092801359e+00 4.943455795406505260e+00 7.407791949130951181e+00
5.077321460347140381e+00 5.921483300671500416e+00 7.914125128918716001e+00
5.140787978601480290e+00 5.332827257141228294e+00 7.711949782159354783e+00
5.204254496855819312e+00 5.148057531981415025e+00 8.112524436993099997e+00
5.267721015110158334e+00 5.525393217958734837e+00 8.218378851246015415e+00
5.331187533364497355e+00 5.369075216794703564e+00 8.202267030672464543e+00
5.394654051618837265e+00 6.258144920105229936e+00 8.232751616827881591e+00
5.458120569873176287e+00 5.333007438631105046e+00 9.309543244530141592e+00
5.521587088127515308e+00 5.233806066688556413e+00 9.177749636558397484e+00
5.585053606381854330e+00 5.850341999633513979e+00 9.454806233539812865e+00
5.648520124636194240e+00 5.147637559760593895e+00 9.296504022938222533e+00
5.711986642890533261e+00 6.481834614332258049e+00 1.010362479115066314e+01
5.775453161144872283e+00 5.681987435071675918e+00 1.005259855178555384e+01
5.838919679399211304e+00 6.202206333615873035e+00 1.037507554790101771e+01
5.902386197653551214e+00 6.077005975313715780e+00 1.042936557878888415e+01
5.965852715907890236e+00 5.895343133747720898e+00 1.039935346404018723e+01
6.029319234162229257e+00 4.807377513757025156e+00 1.049184394695205746e+01
6.092785752416569167e+00 5.560087686551347552e+00 1.096372479816791845e+01
6.156252270670908189e+00 6.560148591611558722e+00 1.162598604404796276e+01
6.219718788925247210e+00 6.132734908741245050e+00 1.115741650102519245e+01
6.283185307179586232e+00 6.060621704160910284e+00 1.246241655077158228e+01
